3122 24 5001 189|WEDNESDAY|1|CSE303
3122 24 5001 189|WEDNESDAY|2|CSE301
3122 24 5001 189|WEDNESDAY|3|CSE306
3122 24 5001 189|WEDNESDAY|5|CSE306
3122 24 5001 189|WEDNESDAY|6|CSE306
3122 24 5001 189|WEDNESDAY|7|CSE306
3122 24 5001 189|MONDAY|1|CSE301
3122 24 5001 189|MONDAY|2|CSE304
3122 24 5001 189|MONDAY|3|CSE306
3122 24 5001 189|MONDAY|4|CSE303
3122 24 5001 189|MONDAY|5|CSE304
3122 24 5001 189|MONDAY|6|CSE304
3122 24 5001 189|MONDAY|7|CSE301
3122 24 5001 189|MONDAY|8|CSE305
3122 24 5001 189|THURSDAY|1|CSE305
3122 24 5001 189|THURSDAY|3|CSE304
3122 24 5001 189|THURSDAY|4|CSE302
3122 24 5001 189|THURSDAY|5|CSE302
3122 24 5001 189|THURSDAY|6|CSE301
3122 24 5001 189|THURSDAY|7|CSE303
3122 24 5001 189|THURSDAY|8|CSE304
3122 24 5001 189|TUESDAY|1|CSE302
3122 24 5001 189|TUESDAY|2|CSE303
3122 24 5001 189|TUESDAY|3|CSE302
3122 24 5001 189|TUESDAY|4|CSE301
3122 24 5001 189|TUESDAY|5|CSE302
3122 24 5001 189|TUESDAY|6|CSE304
3122 24 5001 189|TUESDAY|7|CSE302
3122 24 5001 189|TUESDAY|8|CSE301
3122 24 5001 189|FRIDAY|1|CSE307
3122 24 5001 189|FRIDAY|2|CSE306
3122 24 5001 189|FRIDAY|3|CSE305
3122 24 5001 189|FRIDAY|4|CSE302
3122 24 5001 189|FRIDAY|5|CSE305
3122 24 5001 189|FRIDAY|7|CSE305
3122 24 5001 189|FRIDAY|8|CSE305
